# name|src|x|y|w|h|start|end
c01|30|25|0|450|800|0.00|1.75
c02|14|0|310|732|433|1.75|2.37
c03|15|0|290|787|430|2.37|2.99
c04|6|0|375|777|355|2.99|3.60
c05|9|30|10|480|470|3.60|4.50
c06|10|20|400|610|345|4.50|5.45
c07|2|0|240|600|480|5.45|7.60
c08|18|125|155|435|445|7.60|9.00
c09|5|0|275|798|280|9.00|10.20
c10|24|95|90|420|400|10.20|11.30
c11|26|15|250|560|390|11.30|12.40
c12|19|0|165|330|190|12.40|13.10
c13|19|382|482|330|190|13.10|14.25
c14|20|0|385|345|190|14.25|15.40
c15|4|45|210|295|285|15.40|16.20
c16|4|360|210|295|285|16.20|17.00
c17|4|45|515|295|285|17.00|17.80
c18|4|360|515|295|285|17.80|18.65
c19|25|417|22|315|350|18.65|20.15
c20|27|175|205|495|445|20.15|21.75
c21|36|20|262|690|455|21.75|25.70
